                                                                                     7        7                                                                      7             7                                                                
                                                                                     7        7                                                                      7             7                                                    1           
                                                                                     7        7                                                                      7             7                                                  4 11          
                                                                                     7        7                                                                      7             7                                            21111111111111111112
                                                                                     7        7                                                                      7             7                                            w                  2
                                                                                     7        7                                                                      7             7                                            wTTTETTTTTTTTTTTTTT2
                                                                                     7        7                                                                      7             7                                            21111111111111111112
                                                                                     7        7                                                                      7             7                                            w                  2
                                                                                     7        7                                                                      7             7                                            wTTTTTTTTETTTTTTTTT2
                                                                                     7        7                                                                      7             7                                            21111111111111111112
                                                                                     7        7                                                                      7             7                                            w                  2
                                                                                     7        7                                                                      7             7                                            wTTTTTTTTTTTETTTTTT2
                                                                                     7        7                                                                      7             7                                            21111111111111111112
                                                                                     7        7                                                                      7             7                                            w                  2
                                                                                     7        7                                                                      7             7                                            wTTTTTTTTETTTTTTTTT2
                                                                                     7        7                                                                      7             7                                            21111111111111111112
                                                                                     7        7                                                                      7             7                                            w                  2
                                                                                     7        7                                                                      7             7                                            wTTTTETTTTTTTTTTTTT2
                                                                                     7        7                                                                      7             7                                            21111111111111111112
                                                                                     7        7                                                                      7             7                                            w                  2
                                                                                     7        7                                                                      7             7                                            wTETTTTTTTTTTTTTTTT2
                                                                                     7        7                                                                      7             7                                            21111111111111111112
                                                                                     7        7           s                                                          7             7                                            w                  2
                                                                                     7        7          111111111111111                                             7             7                                            wTTTTTTTTTTTTTTTTET2
                                                                                     7        7          d             d                                             7             7                                            21111111111111111112
                                                                                     7        7          d             d                                             7             7                                            w                  2
                                                                                     1111111111          211111111111111                                             7             7                                            wTTTTTETTTTTTTTTTTT2
                                                                                     d        d          d             d                                             111111111111111                                            21111111111111111111
                                                                                     d        d          d             d                                             d             d                                            22222222222222222222
                                                                                     1111111111          111111111111111                                             d             d                                            22222222222222222222
                                                                                                         d             d                                             111111111111111                                            22222222222222222222
      P                                                                          s                       d         TTETdTTTTT                                                                                        TTTTTETT   22222222222222222222
111111111111111          1111111111                    1111111111          1111111111          111111111111111111111111111111          11111111111111111111                                  1111111111          11111111111111112222222222222222222
222222222222222          2222222222                    2222222222          2222222222          222222222222222222222222222222          22222222222222222222                                  2222222222          22222222222222222222222222222222222
222222222222222          2222222222                    2222222222          2222222222          222222222222222222222222222222          22222222222222222222                                  2222222222          22222222222222222222222222222222222
222222222222222          2222222222                    2222222222          2222222222          222222222222222222222222222222          22222222222222222222          111111111111111         2222222222          22222222222222222222222222222222222
222222222222222          2222222222                    2222222222          2222222222          222222222222222222222222222222          22222222222222222222          222222222222222         2222222222          22222222222222222222222222222222222